image: /home/nvidia/catkin_ws/src/tom_3d_simulation/maps/map-17-11-2018.pgm
resolution: 0.050000
origin: [-100.000000, -100.000000, 0.000000]
negate: 0
occupied_thresh: 0.65
free_thresh: 0.196

