image: map.pgm
resolution: 0.050000
origin: [-4.796686, -6.333556, 0.000000]
negate: 0
occupied_thresh: 0.65
free_thresh: 0.196

